25	1
43	2
57	2
138	3
177	4
183	4
185	4
186	4
257	6
334	6
358	6
392	6
449	7
500	8
540	8
562	9
570	9
572	9
588	9
604	9
616	10
715	14
720	14
735	15
770	15
775	15
777	15
812	16
845	17
895	17
475	7
979	23
396	6
507	8
438	7
462	7
409	7
172	3
504	8
596	9
609	9
916	18
144	3
946	20
641	11
818	16
932	20
6	1
61	2
782	15
783	15
646	11
967	22
166	3
247	6
248	6
249	6
274	6
380	6
629	10
673	12
695	13
698	13
835	17
836	17
837	17
847	17
828	16
906	18
145	3
42	2
922	19
110	3
209	5
973	23
931	19
71	2
279	6
285	6
290	6
372	6
561	9
600	9
657	11
687	13
924	19
474	7
133	3
473	7
431	7
936	20
451	7
525	8
867	17
904	18
933	20
529	8
48	2
87	3
94	3
122	3
141	3
180	4
195	4
345	6
347	6
352	6
421	7
465	7
490	8
523	8
536	8
549	8
556	9
557	9
597	9
613	10
651	11
654	11
691	13
705	13
724	14
744	15
745	15
756	15
766	15
767	15
768	15
771	15
772	15
786	15
801	15
805	16
810	16
816	16
891	17
926	19
956	21
502	8
116	3
405	6
127	3
870	17
780	15
934	20
591	9
636	10
911	18
52	2
905	18
972	23
937	20
107	3
59	2
147	3
155	3
158	3
181	4
187	4
226	5
232	5
276	6
284	6
309	6
320	6
331	6
365	6
498	8
545	8
553	0
560	9
632	10
696	13
732	15
746	15
752	15
755	15
802	16
811	16
877	17
884	17
928	19
804	16
633	10
864	17
875	17
1000	23
515	8
495	8
1	1
79	3
825	16
918	19
444	7
863	17
914	18
943	20
874	17
947	21
948	21
970	23
174	4
263	6
373	6
520	8
975	23
458	7
519	8
554	9
521	8
154	3
45	2
635	10
173	4
821	16
23	1
90	3
130	3
184	4
214	5
260	6
266	6
273	6
278	6
280	6
289	6
291	6
359	6
420	7
530	8
537	8
546	8
652	11
664	11
680	12
682	12
726	14
734	15
741	15
747	15
809	16
813	16
823	16
881	17
482	7
463	7
667	12
217	5
121	3
827	16
49	2
75	3
437	7
198	4
644	11
37	1
459	7
492	8
510	8
611	9
659	11
871	17
36	1
977	23
989	23
666	11
26	1
30	1
88	3
113	3
245	6
267	6
327	6
337	6
341	6
416	7
497	8
565	9
608	9
649	11
681	12
684	12
710	13
714	14
722	14
844	17
850	17
395	6
878	17
404	6
446	7
994	23
861	17
51	2
86	3
858	17
445	7
968	22
506	8
935	20
648	11
950	21
160	3
216	5
335	6
363	6
406	6
417	7
426	7
539	8
617	10
618	10
709	13
728	14
754	15
824	16
882	17
894	17
939	20
399	6
665	11
33	1
41	1
963	22
433	7
853	17
105	3
949	21
857	17
169	3
212	5
454	7
793	15
945	20
5	1
126	3
418	7
542	8
571	9
694	13
789	15
670	12
980	23
493	8
859	17
862	17
986	23
27	1
131	3
233	5
240	6
250	6
268	6
277	6
281	6
282	6
283	6
287	6
294	6
295	6
301	6
302	6
305	6
311	6
356	6
481	7
558	9
564	9
623	10
660	11
686	12
697	13
719	14
769	15
839	17
876	17
896	17
941	20
900	18
19	1
136	3
436	7
513	8
452	7
999	23
53	2
435	7
917	18
56	2
411	7
511	8
13	1
984	23
97	3
100	3
139	3
206	5
239	6
321	6
354	6
370	6
393	6
419	7
488	8
534	8
568	9
582	9
606	9
624	10
656	11
703	13
708	13
713	14
731	15
733	15
736	15
739	15
761	15
776	15
787	15
792	15
798	15
799	15
842	17
860	17
880	17
915	18
955	21
31	1
35	1
655	11
477	7
408	7
829	17
855	17
997	23
2	1
505	8
995	23
197	4
998	23
971	23
610	9
9	1
66	2
82	3
179	4
191	4
203	5
221	5
244	6
261	6
269	6
329	6
339	6
340	6
375	6
379	6
384	6
387	6
389	6
425	7
483	7
484	7
485	0
543	8
550	8
579	9
589	9
615	10
647	11
650	11
653	11
661	11
674	12
677	12
690	13
702	13
704	13
716	14
717	14
743	15
760	15
953	21
957	21
95	3
40	1
468	7
640	11
50	2
161	3
21	1
152	3
176	4
207	5
16	1
397	6
471	7
39	1
517	8
211	5
460	7
898	18
983	23
869	17
20	1
54	2
402	6
866	17
400	6
524	8
210	5
403	6
964	22
109	3
24	1
29	1
44	2
65	2
68	2
91	3
98	3
99	3
102	3
123	3
124	3
125	3
129	3
142	3
148	3
157	3
163	3
189	4
190	4
192	4
193	4
196	4
205	5
224	5
225	5
228	5
229	5
230	5
231	5
235	0
236	6
238	6
241	6
242	6
246	6
252	6
262	6
270	6
272	6
275	6
286	6
288	6
292	6
293	6
297	6
298	6
300	6
303	6
304	6
307	6
308	6
310	6
312	6
313	6
315	6
317	6
319	6
323	6
328	6
332	6
338	6
343	6
348	6
349	6
351	6
353	6
357	6
360	6
361	6
362	6
364	6
367	6
368	6
369	6
371	6
374	6
376	6
377	6
383	6
385	6
394	6
413	7
414	7
415	7
422	7
424	7
427	7
441	7
442	7
456	7
472	7
480	7
489	8
491	8
508	8
516	8
533	8
548	8
559	9
563	9
566	9
573	9
575	9
576	9
577	9
578	9
580	9
581	9
583	9
584	9
585	9
586	9
587	9
590	9
598	9
599	9
601	9
602	9
603	9
612	10
614	10
619	10
620	10
625	10
627	10
683	12
685	12
689	13
699	13
700	13
701	13
706	13
711	13
712	13
725	14
727	14
729	15
738	15
740	15
750	15
751	15
753	15
762	15
774	15
778	15
785	15
795	15
800	15
806	16
807	16
808	16
815	16
840	17
841	17
846	17
849	17
885	17
887	17
888	17
889	17
890	17
893	17
925	19
927	19
929	19
938	20
942	20
954	21
976	23
993	23
178	4
759	15
796	15
901	18
951	21
469	7
532	8
626	10
952	21
982	23
991	23
237	6
243	6
398	6
470	7
522	8
120	3
22	1
165	3
410	7
434	7
797	15
990	23
46	2
135	3
461	7
535	8
897	18
518	8
643	11
826	16
200	4
663	11
865	17
401	6
447	7
464	7
494	8
84	3
119	3
671	12
159	3
201	5
407	6
902	18
81	3
111	3
128	3
150	3
930	19
965	22
47	2
763	15
781	15
830	17
974	23
831	17
528	8
594	9
913	18
919	19
944	20
868	17
920	19
4	1
509	8
923	19
168	3
662	11
978	23
958	21
969	22
28	1
58	2
64	2
69	2
70	2
93	3
96	3
103	3
106	3
140	3
156	3
164	3
219	5
222	5
251	6
254	6
259	6
271	6
299	6
316	6
318	6
322	6
324	6
325	6
330	6
333	6
342	6
344	6
350	6
355	6
366	6
378	6
386	6
390	6
428	7
466	7
486	8
487	8
499	8
541	8
551	8
605	9
621	10
630	10
631	10
669	12
678	12
688	13
692	13
693	13
721	14
723	14
730	15
748	15
758	15
773	15
784	15
790	15
814	16
832	17
886	17
892	17
940	20
962	22
544	8
639	10
981	23
11	1
60	2
83	3
450	7
851	17
440	7
638	10
779	15
137	3
432	7
3	1
72	2
132	3
467	7
637	10
668	12
73	2
118	3
676	12
817	16
988	23
854	17
764	15
819	16
921	19
672	12
642	11
645	11
966	22
171	3
512	8
146	3
188	4
220	5
227	5
234	5
264	6
306	6
314	6
346	6
382	6
430	7
448	7
496	8
555	9
569	9
607	9
622	10
628	10
707	13
742	15
757	15
848	17
992	23
903	18
856	17
912	18
412	7
959	22
873	17
7	1
8	1
14	1
62	2
63	2
67	2
89	3
92	3
101	3
112	3
114	3
151	3
182	4
194	4
204	5
213	5
215	5
218	5
223	5
253	6
255	6
256	6
258	6
265	6
296	6
326	6
336	6
381	6
388	6
391	6
423	7
429	7
455	7
479	7
501	8
514	8
538	8
547	8
567	9
574	9
679	12
718	14
737	15
749	15
788	15
791	15
794	15
803	16
833	17
834	17
838	17
843	17
879	17
883	17
908	18
909	18
961	22
134	3
85	3
162	3
476	7
899	18
531	8
104	3
457	7
478	7
32	1
78	3
34	1
38	1
115	3
55	2
76	3
80	3
202	5
552	8
907	18
12	1
74	2
117	3
170	3
15	1
77	3
822	16
17	1
18	1
143	3
199	4
453	7
526	8
820	16
910	18
10	1
153	3
987	23
108	3
208	5
439	7
443	7
765	15
149	3
167	3
634	10
503	8
592	9
852	17
872	17
996	23
527	8
593	9
595	9
658	11
675	12
985	23
960	22
175	4
1006
